# a header line
0.00,2.8364,10.7634,2
0.50,2.2651,9.0452,5
1.00,2.7424,10.9864,4
1.50,1.9690,8.4130,3
2.00,2.7887,10.4432,2
2.50,2.9375,8.8079,9
3.00,3.3912,8.7449,4
3.50,3.4848,9.1349,9
4.00,3.0689,8.3894,6
4.50,3.2463,10.0834,4
5.00,4.0650,10.2073,4
5.50,3.3214,8.0581,7
6.00,3.9979,9.8532,7
6.50,4.6070,9.3877,7
7.00,3.8985,7.2116,6
7.50,3.8416,9.6813,6
8.00,4.5601,7.7254,6
8.50,4.9014,8.0560,4
9.00,4.6466,8.1259,6
9.50,4.7032,8.8105,6
10.00,5.2350,6.6809,7
10.50,4.8183,9.0740,8
11.00,4.8475,9.3562,9
11.50,6.4404,7.3257,4
12.00,5.3629,7.4895,7
12.50,6.1708,7.0634,3
13.00,5.7774,5.8102,4
13.50,5.3530,5.7288,8
14.00,6.0350,8.4005,6
14.50,6.3325,6.8674,4
