38.0250
42.7701
57.1115
65.2976
56.7308
64.4289
77.8279
47.6283
60.6504
68.2028
70.1272
66.8279
37.4669
51.3708
41.9803
54.7096
47.9809
46.7041
54.5000
65.2621
43.4714
56.6102
68.7977
44.1662
60.2058
38.6272
25.3047
42.4463
41.9440
47.3862
46.6346
61.5077
57.9405
47.4807
46.8656
54.2231
39.1550
56.9550
39.0989
47.3186
55.4305
58.1857
43.4046
50.9585
52.9272
53.2367
56.3715
36.7281
43.4538
56.0054
60.7764
43.7610
40.6645
68.1975
40.2626
45.8374
61.5374
48.2973
34.4318
52.0090
35.3506
63.0977
57.2631
61.2917
49.5233
41.5539
49.9866
51.9933
58.0688
47.1051
55.0255
47.6176
64.5264
52.1863
57.2798
48.1713
55.2465
51.3463
41.0760
57.1597
43.0599
47.2363
47.2987
50.4404
30.7636
51.1958
48.5366
41.9280
18.7619
51.5196
30.1742
47.7205
65.5370
35.5305
55.1638
50.5265
46.8327
65.3684
37.7438
39.3887
59.1487
51.5444
42.3914
33.3551
50.5073
50.5574
35.6278
45.0057
61.8960
59.5428
53.8281
59.8820
54.7543
37.4255
40.7462
27.0428
38.2580
34.0787
56.1615
40.4511
43.4218
35.4727
59.0040
43.3624
50.4380
41.5036
67.3722
50.3522
37.4235
42.8670
41.4983
51.4866
57.8097
63.2910
70.5593
32.7049
39.7683
47.5133
46.9511
49.1884
49.1413
42.1616
53.1008
51.8390
58.4127
46.8009
46.5928
51.6207
40.4377
56.4759
53.6494
53.5756
35.9754
37.7051
66.2548
63.6472
65.6314
49.4157
44.1173
52.4163
57.1184
66.5312
56.3153
52.8385
36.1916
44.9785
49.7722
41.8998
45.4734
47.8315
38.7650
58.3222
54.3707
50.2741
45.4268
39.3446
41.1605
61.6351
54.6915
47.2173
46.4037
62.4592
46.3780
42.5538
61.8047
45.4945
50.6638
53.5515
51.7045
68.8302
44.3314
76.5795
57.1164
31.3547
40.4988
52.8683
51.3192
51.4259
42.8968
60.9474
