1 1.000 7.000 0.463
1 1.300 8.000 0.373
2 2.000 3.000 0.139
2 2.300 4.000 0.867
3 3.000 10.000 0.006
3 3.300 11.000 0.503
4 4.000 6.000 0.898
4 4.300 7.000 0.081
5 5.000 2.000 0.554
5 5.300 3.000 0.617
6 6.000 9.000 0.041
6 6.300 10.000 0.379
7 7.000 5.000 0.703
7 7.300 6.000 0.452
8 8.000 1.000 0.725
8 8.300 2.000 0.157
9 9.000 8.000 0.238
9 9.300 9.000 0.111
10 10.000 4.000 0.506
10 10.300 5.000 0.924
11 11.000 0.000 0.590
11 11.300 1.000 0.774
12 12.000 7.000 0.384
12 12.300 8.000 0.746
13 13.000 3.000 0.102
13 13.300 4.000 0.291
14 14.000 10.000 0.674
14 14.300 11.000 0.726
15 15.000 6.000 0.422
15 15.300 7.000 0.088
16 16.000 2.000 0.267
16 16.300 3.000 0.210
17 17.000 9.000 0.281
17 17.300 10.000 0.810
18 18.000 5.000 0.199
18 18.300 6.000 0.886
19 19.000 1.000 0.879
19 19.300 2.000 0.055
20 20.000 8.000 0.379
20 20.300 9.000 0.492
21 21.000 4.000 0.023
21 21.300 5.000 0.425
