1 7.229 4.816 3.827
2 9.399 2.886 3.767
3 3.290 0.957 2.947
1 10.009 6.027 1.340
2 6.691 10.108 2.722
3 3.131 22.515 1.650
1 3.795 7.947 1.479
2 9.971 6.581 1.416
3 9.175 15.250 3.614
1 3.095 5.085 1.646
2 11.824 12.299 3.884
3 8.392 11.437 3.033
1 3.048 7.855 3.900
2 10.937 7.779 1.896
3 6.612 16.697 1.195
1 4.014 5.970 2.809
2 2.034 8.411 1.930
3 11.185 10.100 2.442
1 4.158 1.898 1.171
2 11.751 10.736 1.069
3 10.498 15.643 3.363
1 4.662 4.684 2.736
2 2.091 12.419 3.866
3 4.965 16.097 3.267
1 10.297 6.717 2.064
2 7.247 8.691 3.327
3 4.081 14.892 3.579
1 1.366 1.427 3.837
2 2.912 7.034 3.754
3 6.400 21.939 3.773
1 6.451 4.332 1.532
2 2.782 13.226 1.447
3 9.892 18.561 1.146
1 10.867 4.976 2.601
2 6.059 10.427 3.479
3 7.557 23.030 2.265
