    4     1     3      -9.00       0.00      -4.00    6.0000    1.0000    4.0000
     -9.0      0.0     -4.0
   0.994833  -0.019035   0.044282      1.310
   0.017370   0.995141   0.037539     -0.800
  -0.044961  -0.036723   0.994307      0.240
     -3.0      0.0     -4.0
   0.994584  -0.019227   0.049487      1.490
   0.017370   0.995141   0.037539     -0.800
  -0.050169  -0.036623   0.994061      0.480
      3.0      0.0     -4.0
   0.994308  -0.019419   0.054691      1.670
   0.017370   0.995141   0.037539     -0.800
  -0.055376  -0.036522   0.993789      0.720
      9.0      0.0     -4.0
   0.994004  -0.019610   0.059894      1.850
   0.017370   0.995141   0.037539     -0.800
  -0.060582  -0.036420   0.993489      0.960
     -9.0      0.0      0.0
   0.998831  -0.018988   0.044464      1.230
   0.017442   0.999239   0.034899     -0.800
  -0.045093  -0.034083   0.998401      0.240
     -3.0      0.0      0.0
   0.998581  -0.019166   0.049691      1.410
   0.017442   0.999239   0.034899     -0.800
  -0.050322  -0.033983   0.998155      0.480
      3.0      0.0      0.0
   0.998304  -0.019343   0.054917      1.590
   0.017442   0.999239   0.034899     -0.800
  -0.055550  -0.033882   0.997881      0.720
      9.0      0.0      0.0
   0.997999  -0.019521   0.060141      1.770
   0.017442   0.999239   0.034899     -0.800
  -0.060776  -0.033781   0.997580      0.960
     -9.0      0.0      4.0
   1.002828  -0.018939   0.044646      1.150
   0.017513   1.003329   0.032237     -0.800
  -0.045224  -0.031421   1.002489      0.240
     -3.0      0.0      4.0
   1.002577  -0.019103   0.049895      1.330
   0.017513   1.003329   0.032237     -0.800
  -0.050475  -0.031321   1.002241      0.480
      3.0      0.0      4.0
   1.002299  -0.019267   0.055142      1.510
   0.017513   1.003329   0.032237     -0.800
  -0.055723  -0.031221   1.001966      0.720
      9.0      0.0      4.0
   1.001994  -0.019430   0.060387      1.690
   0.017513   1.003329   0.032237     -0.800
  -0.060971  -0.031119   1.001664      0.960
