4 3
    -10.0      0.0     -5.0
   0.993873  -0.019014   0.043369      1.300
   0.017352   0.994115   0.038196     -0.800
  -0.044061  -0.037396   0.993320      0.200
     -3.0      0.0     -5.0
   0.993585  -0.019243   0.049436      1.510
   0.017352   0.994115   0.038196     -0.800
  -0.050131  -0.037279   0.993037      0.480
      3.0      0.0     -5.0
   0.993309  -0.019437   0.054635      1.690
   0.017352   0.994115   0.038196     -0.800
  -0.055333  -0.037178   0.992764      0.720
     10.0      0.0     -5.0
   0.992952  -0.019664   0.060699      1.900
   0.017352   0.994115   0.038196     -0.800
  -0.061399  -0.037059   0.992412      1.000
    -10.0      0.0      0.0
   0.998869  -0.018958   0.043593      1.200
   0.017442   0.999239   0.034899     -0.800
  -0.044221  -0.034100   0.998440      0.200
     -3.0      0.0      0.0
   0.998581  -0.019166   0.049691      1.410
   0.017442   0.999239   0.034899     -0.800
  -0.050322  -0.033983   0.998155      0.480
      3.0      0.0      0.0
   0.998304  -0.019343   0.054917      1.590
   0.017442   0.999239   0.034899     -0.800
  -0.055550  -0.033882   0.997881      0.720
     10.0      0.0      0.0
   0.997946  -0.019550   0.061011      1.800
   0.017442   0.999239   0.034899     -0.800
  -0.061647  -0.033764   0.997527      1.000
    -10.0      0.0      5.0
   1.003867  -0.018900   0.043816      1.100
   0.017531   1.004351   0.031568     -0.800
  -0.044381  -0.030768   1.003548      0.200
     -3.0      0.0      5.0
   1.003577  -0.019087   0.049945      1.310
   0.017531   1.004351   0.031568     -0.800
  -0.050513  -0.030652   1.003262      0.480
      3.0      0.0      5.0
   1.003298  -0.019248   0.055198      1.490
   0.017531   1.004351   0.031568     -0.800
  -0.055767  -0.030552   1.002986      0.720
     10.0      0.0      5.0
   1.002939  -0.019434   0.061324      1.700
   0.017531   1.004351   0.031568     -0.800
  -0.061894  -0.030433   1.002630      1.000
