    4     3     3      -9.00      -6.00      -4.00    6.0000    6.0000    4.0000
      3.0     -6.0     -4.0
   0.994364  -0.016295   0.054691      1.670
   0.014244   0.995190   0.037539     -0.920
  -0.055261  -0.036696   0.993789      0.720
      9.0     -6.0     -4.0
   0.994061  -0.016487   0.059894      1.850
   0.014244   0.995190   0.037539     -0.920
  -0.060467  -0.036610   0.993489      0.960
     -9.0      0.0     -4.0
   0.994833  -0.019035   0.044282      1.310
   0.017370   0.995141   0.037539     -0.800
  -0.044961  -0.036723   0.994307      0.240
      3.0      0.0     -4.0
   0.994308  -0.019419   0.054691      1.670
   0.017370   0.995141   0.037539     -0.800
  -0.055376  -0.036522   0.993789      0.720
      9.0      0.0     -4.0
   0.994004  -0.019610   0.059894      1.850
   0.017370   0.995141   0.037539     -0.800
  -0.060582  -0.036420   0.993489      0.960
     -9.0      6.0     -4.0
   0.994768  -0.022161   0.044282      1.310
   0.020496   0.995081   0.037539     -0.680
  -0.045076  -0.036582   0.994307      0.240
     -3.0      6.0     -4.0
   0.994519  -0.022352   0.049487      1.490
   0.020496   0.995081   0.037539     -0.680
  -0.050284  -0.036465   0.994061      0.480
      3.0      6.0     -4.0
   0.994242  -0.022542   0.054691      1.670
   0.020496   0.995081   0.037539     -0.680
  -0.055491  -0.036348   0.993789      0.720
      9.0      6.0     -4.0
   0.993938  -0.022732   0.059894      1.850
   0.020496   0.995081   0.037539     -0.680
  -0.060696  -0.036229   0.993489      0.960
      3.0     -6.0      0.0
   0.998359  -0.016207   0.054917      1.590
   0.014302   0.999288   0.034899     -0.920
  -0.055443  -0.034057   0.997881      0.720
      9.0     -6.0      0.0
   0.998055  -0.016385   0.060141      1.770
   0.014302   0.999288   0.034899     -0.920
  -0.060670  -0.033971   0.997580      0.960
     -9.0      0.0      0.0
   0.998831  -0.018988   0.044464      1.230
   0.017442   0.999239   0.034899     -0.800
  -0.045093  -0.034083   0.998401      0.240
     -3.0      0.0      0.0
   0.998581  -0.019166   0.049691      1.410
   0.017442   0.999239   0.034899     -0.800
  -0.050322  -0.033983   0.998155      0.480
      3.0      0.0      0.0
   0.998304  -0.019343   0.054917      1.590
   0.017442   0.999239   0.034899     -0.800
  -0.055550  -0.033882   0.997881      0.720
      9.0      0.0      0.0
   0.997999  -0.019521   0.060141      1.770
   0.017442   0.999239   0.034899     -0.800
  -0.060776  -0.033781   0.997580      0.960
     -9.0      6.0      0.0
   0.998766  -0.022125   0.044464      1.230
   0.020581   0.999179   0.034899     -0.680
  -0.045200  -0.033941   0.998401      0.240
     -3.0      6.0      0.0
   0.998516  -0.022303   0.049691      1.410
   0.020581   0.999179   0.034899     -0.680
  -0.050429  -0.033825   0.998155      0.480
      3.0      6.0      0.0
   0.998238  -0.022480   0.054917      1.590
   0.020581   0.999179   0.034899     -0.680
  -0.055656  -0.033708   0.997881      0.720
      9.0      6.0      0.0
   0.997933  -0.022656   0.060141      1.770
   0.020581   0.999179   0.034899     -0.680
  -0.060882  -0.033590   0.997580      0.960
     -9.0     -6.0      4.0
   1.002883  -0.015788   0.044646      1.150
   0.014361   1.003380   0.032237     -0.920
  -0.045125  -0.031562   1.002489      0.240
     -3.0     -6.0      4.0
   1.002633  -0.015953   0.049895      1.330
   0.014361   1.003380   0.032237     -0.920
  -0.050376  -0.031479   1.002241      0.480
      3.0     -6.0      4.0
   1.002355  -0.016118   0.055142      1.510
   0.014361   1.003380   0.032237     -0.920
  -0.055625  -0.031395   1.001966      0.720
      9.0     -6.0      4.0
   1.002050  -0.016282   0.060387      1.690
   0.014361   1.003380   0.032237     -0.920
  -0.060873  -0.031311   1.001664      0.960
     -9.0      0.0      4.0
   1.002828  -0.018939   0.044646      1.150
   0.017513   1.003329   0.032237     -0.800
  -0.045224  -0.031421   1.002489      0.240
     -3.0      0.0      4.0
   1.002577  -0.019103   0.049895      1.330
   0.017513   1.003329   0.032237     -0.800
  -0.050475  -0.031321   1.002241      0.480
      9.0      0.0      4.0
   1.001994  -0.019430   0.060387      1.690
   0.017513   1.003329   0.032237     -0.800
  -0.060971  -0.031119   1.001664      0.960
     -9.0      6.0      4.0
   1.002764  -0.022089   0.044646      1.150
   0.020665   1.003270   0.032237     -0.680
  -0.045323  -0.031278   1.002489      0.240
     -3.0      6.0      4.0
   1.002513  -0.022253   0.049895      1.330
   0.020665   1.003270   0.032237     -0.680
  -0.050573  -0.031162   1.002241      0.480
      3.0      6.0      4.0
   1.002234  -0.022416   0.055142      1.510
   0.020665   1.003270   0.032237     -0.680
  -0.055821  -0.031045   1.001966      0.720
