    3     3     3      -4.00      -6.00      -9.00    4.0000    6.0000    9.0000
     -4.0     -6.0     -9.0
  -0.048988  -0.040062   0.988977      1.560
   0.014170   0.990058   0.040808     -0.920
  -0.989687   0.016159  -0.048369      0.440
      0.0     -6.0     -9.0
  -0.052443  -0.040005   0.988802      1.680
   0.014170   0.990058   0.040808     -0.920
  -0.989510   0.016298  -0.051821      0.600
      4.0     -6.0     -9.0
  -0.055897  -0.039948   0.988616      1.800
   0.014170   0.990058   0.040808     -0.920
  -0.989321   0.016438  -0.055272      0.760
     -4.0      0.0     -9.0
  -0.049114  -0.039908   0.988977      1.560
   0.017281   0.990009   0.040808     -0.800
  -0.989631   0.019268  -0.048369      0.440
      0.0      0.0     -9.0
  -0.052568  -0.039840   0.988802      1.680
   0.017281   0.990009   0.040808     -0.800
  -0.989454   0.019407  -0.051821      0.600
      4.0      0.0     -9.0
  -0.056022  -0.039772   0.988616      1.800
   0.017281   0.990009   0.040808     -0.800
  -0.989264   0.019546  -0.055272      0.760
     -4.0      6.0     -9.0
  -0.049239  -0.039753   0.988977      1.560
   0.020391   0.989949   0.040808     -0.680
  -0.989566   0.022377  -0.048369      0.440
      0.0      6.0     -9.0
  -0.052693  -0.039675   0.988802      1.680
   0.020391   0.989949   0.040808     -0.680
  -0.989388   0.022515  -0.051821      0.600
      4.0      6.0     -9.0
  -0.056146  -0.039596   0.988616      1.800
   0.020391   0.989949   0.040808     -0.680
  -0.989198   0.022654  -0.055272      0.760
     -4.0     -6.0      0.0
  -0.049344  -0.034155   0.998198      1.380
   0.014302   0.999288   0.034899     -0.920
  -0.998679   0.015999  -0.048820      0.440
      0.0     -6.0      0.0
  -0.052829  -0.034099   0.998021      1.500
   0.014302   0.999288   0.034899     -0.920
  -0.998501   0.016118  -0.052304      0.600
      4.0     -6.0      0.0
  -0.056314  -0.034043   0.997833      1.620
   0.014302   0.999288   0.034899     -0.920
  -0.998311   0.016237  -0.055788      0.760
     -4.0      0.0      0.0
  -0.049451  -0.034000   0.998198      1.380
   0.017442   0.999239   0.034899     -0.800
  -0.998624   0.019136  -0.048820      0.440
      0.0      0.0      0.0
  -0.052936  -0.033933   0.998021      1.500
   0.017442   0.999239   0.034899     -0.800
  -0.998446   0.019255  -0.052304      0.600
      4.0      0.0      0.0
  -0.056421  -0.033866   0.997833      1.620
   0.017442   0.999239   0.034899     -0.800
  -0.998255   0.019373  -0.055788      0.760
     -4.0      6.0      0.0
  -0.049557  -0.033844   0.998198      1.380
   0.020581   0.999179   0.034899     -0.680
  -0.998559   0.022273  -0.048820      0.440
      0.0      6.0      0.0
  -0.053043  -0.033767   0.998021      1.500
   0.020581   0.999179   0.034899     -0.680
  -0.998380   0.022391  -0.052304      0.600
      4.0      6.0      0.0
  -0.056527  -0.033688   0.997833      1.620
   0.020581   0.999179   0.034899     -0.680
  -0.998189   0.022509  -0.055788      0.760
     -4.0     -6.0      9.0
  -0.049697  -0.028134   1.007383      1.200
   0.014434   1.008483   0.028877     -0.920
  -1.007672   0.015833  -0.049269      0.440
      0.0     -6.0      9.0
  -0.053214  -0.028079   1.007204      1.320
   0.014434   1.008483   0.028877     -0.920
  -1.007492   0.015931  -0.052785      0.600
      4.0     -6.0      9.0
  -0.056731  -0.028023   1.007014      1.440
   0.014434   1.008483   0.028877     -0.920
  -1.007300   0.016029  -0.056301      0.760
     -4.0      0.0      9.0
  -0.049785  -0.027978   1.007383      1.200
   0.017602   1.008433   0.028877     -0.800
  -1.007617   0.018999  -0.049269      0.440
      0.0      0.0      9.0
  -0.053302  -0.027911   1.007204      1.320
   0.017602   1.008433   0.028877     -0.800
  -1.007437   0.019096  -0.052785      0.600
      4.0      0.0      9.0
  -0.056819  -0.027845   1.007014      1.440
   0.017602   1.008433   0.028877     -0.800
  -1.007245   0.019194  -0.056301      0.760
     -4.0      6.0      9.0
  -0.049873  -0.027821   1.007383      1.200
   0.020770   1.008373   0.028877     -0.680
  -1.007553   0.022164  -0.049269      0.440
      0.0      6.0      9.0
  -0.053390  -0.027744   1.007204      1.320
   0.020770   1.008373   0.028877     -0.680
  -1.007372   0.022261  -0.052785      0.600
      4.0      6.0      9.0
  -0.056906  -0.027666   1.007014      1.440
   0.020770   1.008373   0.028877     -0.680
  -1.007180   0.022358  -0.056301      0.760
