    4     3     3     -40.00     -35.00     -14.00   30.0000   35.0000   14.0000
    -40.0    -35.0    -14.0
   0.985850   0.000092   0.017191      0.580
  -0.000860   0.985016   0.044040     -1.500
  -0.017170  -0.044049   0.984866     -1.000
    -10.0    -35.0    -14.0
   0.985063  -0.001061   0.042966      1.480
  -0.000860   0.985016   0.044040     -1.500
  -0.042970  -0.044036   0.984078      0.200
     40.0    -35.0    -14.0
   0.982251  -0.002981   0.085850      2.980
  -0.000860   0.985016   0.044040     -1.500
  -0.085897  -0.043948   0.981268      2.200
    -40.0      0.0    -14.0
   0.985686  -0.017974   0.017191      0.580
   0.017191   0.984866   0.044040     -0.800
  -0.017974  -0.043727   0.984866     -1.000
    -10.0      0.0    -14.0
   0.984878  -0.019112   0.042966      1.480
   0.017191   0.984866   0.044040     -0.800
  -0.043770  -0.043241   0.984078      0.200
     20.0      0.0    -14.0
   0.983395  -0.020238   0.068711      2.380
   0.017191   0.984866   0.044040     -0.800
  -0.069536  -0.042726   0.982617      1.400
     40.0      0.0    -14.0
   0.982031  -0.020980   0.085850      2.980
   0.017191   0.984866   0.044040     -0.800
  -0.086688  -0.042366   0.981268      2.200
    -40.0     35.0    -14.0
   0.985191  -0.036034   0.017191      0.580
   0.035236   0.984386   0.044040     -0.100
  -0.018772  -0.043390   0.984866     -1.000
    -10.0     35.0    -14.0
   0.984362  -0.037157   0.042966      1.480
   0.035236   0.984386   0.044040     -0.100
  -0.044555  -0.042432   0.984078      0.200
     20.0     35.0    -14.0
   0.982859  -0.038255   0.068711      2.380
   0.035236   0.984386   0.044040     -0.100
  -0.070307  -0.041444   0.982617      1.400
     40.0     35.0    -14.0
   0.981482  -0.038973   0.085850      2.980
   0.035236   0.984386   0.044040     -0.100
  -0.087450  -0.040771   0.981268      2.200
    -40.0    -35.0      0.0
   0.999848   0.000263   0.017442      0.300
  -0.000872   0.999390   0.034899     -1.500
  -0.017422  -0.034909   0.999239     -1.000
    -10.0    -35.0      0.0
   0.999049  -0.000650   0.043593      1.200
  -0.000872   0.999390   0.034899     -1.500
  -0.043589  -0.034904   0.998440      0.200
     20.0    -35.0      0.0
   0.997566  -0.001564   0.069714      2.100
  -0.000872   0.999390   0.034899     -1.500
  -0.069726  -0.034875   0.996956      1.400
     40.0    -35.0      0.0
   0.996197  -0.002172   0.087103      2.700
  -0.000872   0.999390   0.034899     -1.500
  -0.087125  -0.034843   0.995588      2.200
    -40.0      0.0      0.0
   0.999685  -0.018059   0.017442      0.300
   0.017442   0.999239   0.034899     -0.800
  -0.018059  -0.034584   0.999239     -1.000
    -10.0      0.0      0.0
   0.998869  -0.018958   0.043593      1.200
   0.017442   0.999239   0.034899     -0.800
  -0.044221  -0.034100   0.998440      0.200
     20.0      0.0      0.0
   0.997370  -0.019844   0.069714      2.100
   0.017442   0.999239   0.034899     -0.800
  -0.070353  -0.033592   0.996956      1.400
     40.0      0.0      0.0
   0.995990  -0.020427   0.087103      2.700
   0.017442   0.999239   0.034899     -0.800
  -0.087749  -0.033240   0.995588      2.200
    -10.0     35.0      0.0
   0.998354  -0.037259   0.043593      1.200
   0.035750   0.998751   0.034899     -0.100
  -0.044839  -0.033284   0.998440      0.200
     20.0     35.0      0.0
   0.996839  -0.038117   0.069714      2.100
   0.035750   0.998751   0.034899     -0.100
  -0.070957  -0.032297   0.996956      1.400
     40.0     35.0      0.0
   0.995448  -0.038675   0.087103      2.700
   0.035750   0.998751   0.034899     -0.100
  -0.088344  -0.031627   0.995588      2.200
    -40.0    -35.0     14.0
   1.013846   0.000440   0.017691      0.020
  -0.000885   1.013679   0.025482     -1.500
  -0.017674  -0.025493   1.013525     -1.000
    -10.0    -35.0     14.0
   1.013035  -0.000227   0.044216      0.920
  -0.000885   1.013679   0.025482     -1.500
  -0.044208  -0.025496   1.012715      0.200
     20.0    -35.0     14.0
   1.011531  -0.000895   0.070711      1.820
  -0.000885   1.013679   0.025482     -1.500
  -0.070711  -0.025482   1.011210      1.400
     40.0    -35.0     14.0
   1.010143  -0.001339   0.088348      2.420
  -0.000885   1.013679   0.025482     -1.500
  -0.088354  -0.025462   1.009822      2.200
    -40.0      0.0     14.0
   1.013683  -0.018139   0.017691      0.020
   0.017691   1.013525   0.025482     -0.800
  -0.018139  -0.025165   1.013525     -1.000
    -10.0      0.0     14.0
   1.012861  -0.018791   0.044216      0.920
   0.017691   1.013525   0.025482     -0.800
  -0.044668  -0.024682   1.012715      0.200
     20.0      0.0     14.0
   1.011345  -0.019431   0.070711      1.820
   0.017691   1.013525   0.025482     -0.800
  -0.071166  -0.024182   1.011210      1.400
     40.0      0.0     14.0
   1.009949  -0.019850   0.088348      2.420
   0.017691   1.013525   0.025482     -0.800
  -0.088805  -0.023839   1.009822      2.200
    -40.0     35.0     14.0
   1.013181  -0.036711   0.017691      0.020
   0.036261   1.013031   0.025482     -0.100
  -0.018597  -0.024829   1.013525     -1.000
    -10.0     35.0     14.0
   1.012347  -0.037349   0.044216      0.920
   0.036261   1.013031   0.025482     -0.100
  -0.045112  -0.023859   1.012715      0.200
     20.0     35.0     14.0
   1.010819  -0.037960   0.070711      1.820
   0.036261   1.013031   0.025482     -0.100
  -0.071597  -0.022873   1.011210      1.400
     40.0     35.0     14.0
   1.009415  -0.038354   0.088348      2.420
   0.036261   1.013031   0.025482     -0.100
  -0.089227  -0.022207   1.009822      2.200
