    2     2     2      -4.00      -3.00      -2.00    8.0000    6.0000    4.0000
     -4.0     -3.0     -2.0
   0.996655  -0.017600   0.048720      1.420
   0.015840   0.997217   0.036222     -0.860
  -0.049321  -0.035400   0.996152      0.440
      4.0     -3.0     -2.0
   0.996286  -0.017847   0.055673      1.660
   0.015840   0.997217   0.036222     -0.860
  -0.056277  -0.035276   0.995787      0.760
     -4.0      3.0     -2.0
   0.996594  -0.020731   0.048720      1.420
   0.018972   0.997162   0.036222     -0.740
  -0.049431  -0.035245   0.996152      0.440
      4.0      3.0     -2.0
   0.996225  -0.020977   0.055673      1.660
   0.018972   0.997162   0.036222     -0.740
  -0.056388  -0.035099   0.995787      0.760
     -4.0     -3.0      2.0
   1.000651  -0.017534   0.048920      1.340
   0.015905   1.001311   0.033571     -0.860
  -0.049474  -0.032749   1.000242      0.440
      4.0     -3.0      2.0
   1.000282  -0.017763   0.055902      1.580
   0.015905   1.001311   0.033571     -0.860
  -0.056458  -0.032626   0.999876      0.760
     -4.0      3.0      2.0
   1.000591  -0.020678   0.048920      1.340
   0.019050   1.001256   0.033571     -0.740
  -0.049576  -0.032594   1.000242      0.440
      4.0      3.0      2.0
   1.000221  -0.020905   0.055902      1.580
   0.019050   1.001256   0.033571     -0.740
  -0.056561  -0.032449   0.999876      0.760
