        2        2     0     1     1        2        2    64    56
       46       -1     0     2     1       46       -1
       87        2     0     3     1       87        2
        0       39     0     1     2        0       39
       41       37     0     2     2       41       37
       85       36     0     3     2       85       36
        1       70     0     1     3        1       70
       44       69     0     2     3       44       69
       90       71     0     3     3       90       71
        3        1     1     1     1        3        1
       45        1     1     2     1       45        1
       88        2     1     3     1       88        2
       -3       36     1     1     2       -3       36
       46       36     1     2     2       46       36
       86       35     1     3     2       86       35
        1       71     1     1     3        1       71
       40       71     1     2     3       40       71
       90       70     1     3     3       90       70
