1
61 2.5 -12.3
-60.00 0.0200 0.0500
-58.00 0.0210 0.0495
-56.00 0.0220 0.0490
-54.00 0.0230 0.0485
-52.00 0.0240 0.0480
-50.00 0.0250 0.0475
-48.00 0.0260 0.0470
-46.00 0.0270 0.0465
-44.00 0.0280 0.0460
-42.00 0.0290 0.0455
-40.00 0.0300 0.0450
-38.00 0.0310 0.0445
-36.00 0.0320 0.0440
-34.00 0.0330 0.0435
-32.00 0.0340 0.0430
-30.00 0.0350 0.0425
-28.00 0.0360 0.0420
-26.00 0.0370 0.0415
-24.00 0.0380 0.0410
-22.00 0.0390 0.0405
-20.00 0.0400 0.0400
-18.00 0.0410 0.0395
-16.00 0.0420 0.0390
-14.00 0.0430 0.0385
-12.00 0.0440 0.0380
-10.00 0.0450 0.0375
-8.00 0.0460 0.0370
-6.00 0.0470 0.0365
-4.00 0.0480 0.0360
-2.00 0.0490 0.0355
0.00 0.0500 0.0350
2.00 0.0510 0.0345
4.00 0.0520 0.0340
6.00 0.0530 0.0335
8.00 0.0540 0.0330
10.00 0.0550 0.0325
12.00 0.0560 0.0320
14.00 0.0570 0.0315
16.00 0.0580 0.0310
18.00 0.0590 0.0305
20.00 0.0600 0.0300
22.00 0.0610 0.0295
24.00 0.0620 0.0290
26.00 0.0630 0.0285
28.00 0.0640 0.0280
30.00 0.0650 0.0275
32.00 0.0660 0.0270
34.00 0.0670 0.0265
36.00 0.0680 0.0260
38.00 0.0690 0.0255
40.00 0.0700 0.0250
42.00 0.0710 0.0245
44.00 0.0720 0.0240
46.00 0.0730 0.0235
48.00 0.0740 0.0230
50.00 0.0750 0.0225
52.00 0.0760 0.0220
54.00 0.0770 0.0215
56.00 0.0780 0.0210
58.00 0.0790 0.0205
60.00 0.0800 0.0200
