  1      1     -1.0000    -1.0000    -1.0000     0.0000     0.0000     0.0000     0.0000       0.00
  1      2     -1.0000    -1.0000    -1.0000     0.0000     0.0000     0.0000     0.0000       0.00
  1      3     -1.0000    -1.0000    -1.0000     0.0000     0.0000     0.0000     0.0000       0.00
  1      4     -1.0000    -1.0000    -1.0000     0.0000     0.0000     0.0000     0.0000       0.00
  1      5      0.3249     0.9403     0.9179     0.0778     1.0458     1.0351     0.0125   12950.79
  1      6      0.5276     1.0203     1.0281     0.0608     1.1959     1.1080     0.0805   11965.87
  1      7      0.2935     0.9591     0.9531     0.0430     1.3499     1.3675     0.0251   11700.11
  1      8      2.7168     1.1006     0.9813     0.2897     2.0322     1.5584     0.3233    9466.07
  1      9      0.7536     1.5835     1.6059     0.2427     2.2150     1.9867     0.3629   13580.23
  1     10      0.3505     0.8688     0.8981     0.0598     1.0843     1.0742     0.0198   13893.61
  1     11      0.6382     1.2681     1.3296     0.1855     2.1388     2.2104     0.1517   17174.42
  1     12      1.0687     1.1756     1.1921     0.2444     1.2623     1.2613     0.0360    6457.49
  1     13      0.3444     0.9261     0.8994     0.0701     1.2275     1.2552     0.0386   10236.37
  1     14      0.3651     0.9728     0.9877     0.0838     1.3867     1.4120     0.0385   17351.94
  1     15      0.1988     0.8993     0.9080     0.0705     1.1443     1.1078     0.0354   12624.95
  1     16      0.2915     0.9068     0.9596     0.1074     1.1805     1.2019     0.0283   10986.39
  1     17      0.4974     0.8927     0.8801     0.0780     1.9760     1.8938     0.0579    9207.64
  1     18     -1.0000    -1.0000    -1.0000     0.0000     0.0000     0.0000     0.0000       0.00
  1     19      0.4575     1.0200     0.9916     0.0665     1.6976     1.2859     0.4224   14008.72
  1     20      0.2246     0.9708     1.0007     0.1013     1.0867     1.0963     0.0113   12458.19
  1     21      0.3984     0.9816     1.0079     0.0517     1.1618     1.1666     0.0214   14555.09
  1     22      0.2733     0.9247     0.9346     0.0322     1.2562     1.1974     0.0621   12579.95
  1     23      0.7533     1.1953     1.3247     0.2200     1.2231     1.1024     0.0904   11889.08
  1     24      0.3037     0.9851     0.9599     0.0852     1.0875     1.0864     0.0168   15257.12
  1     25      0.3785     1.0223     1.0092     0.1550     1.0862     1.0634     0.0310    8540.83
  1     26      0.2441     0.9209     0.9202     0.0685     1.3207     1.3122     0.0238    6801.04
  1     27      0.8367     1.3582     1.3320     0.1340     4.2631     4.1684     0.1240   11406.29
  1     28      0.3624     0.8781     0.8484     0.0546     1.1070     1.0838     0.0253   16919.70
  1     29      0.2652     0.8703     0.8712     0.0902     1.1124     1.1285     0.0260   10166.71
  1     30      0.3444     0.9232     0.9391     0.0639     1.2665     1.3100     0.0346   14610.17
  1     31      0.1689     0.9377     0.9346     0.0618     1.2338     1.2137     0.0269   11043.18
  1     32      0.2808     0.9342     0.9335     0.1039     1.2412     1.1862     0.0383   12001.75
  1     33      0.3613     0.9666     0.9528     0.0415     1.2350     1.2116     0.0274   11861.04
  1     34      0.4592     0.8888     0.8759     0.0424     1.2653     1.1280     0.1455   17940.66
  1     35      0.2299     0.8942     0.8878     0.0639     1.4107     1.2768     0.1393    7508.70
  1     36      0.2030     0.8602     0.8798     0.0794     1.0932     1.0845     0.0293    7286.17
  1     37      0.3251     0.9796     0.9988     0.1350     1.4948     1.4673     0.0371   14021.52
  1     38      0.3274     0.8872     0.8861     0.0602     1.2358     1.1438     0.0809   13054.25
  1     39      0.5183     0.8546     0.8683     0.0827     1.8839     1.0969     0.5429   17062.44
  1     40      0.4621     0.9384     0.9463     0.0768     1.3795     1.3607     0.0543   12557.29
  1     41      0.4801     0.9599     0.9119     0.1894     1.1862     1.1542     0.0309   10303.10
  1     42      0.3254     0.9652     0.9683     0.0580     1.4536     1.4592     0.0419    9490.34
  1     43      1.6483     1.1058     0.9988     0.3153     2.2674     1.7268     0.5468   12396.08
  1     44      0.3369     1.0905     1.0538     0.2087     1.9931     1.4648     0.3789   14219.77
  1     45      0.4410     0.9337     0.9259     0.1285     1.0785     1.0851     0.0143   16565.92
  1     46      0.4705     0.9745     0.9675     0.0647     1.9074     1.1252     0.4982   10777.39
  1     47      0.3709     1.0304     1.0373     0.0848     1.1169     1.0851     0.0421   14521.92
  1     48      0.8463     1.1942     1.1053     0.3503     2.2936     1.6423     0.4813   17005.99
  1     49      0.4280     1.0788     1.0301     0.2383     1.5362     1.2619     0.2717   11056.45
  1     50      0.5502     1.0141     0.9874     0.0769     1.2251     1.0872     0.1426   10026.85
  1     51      0.2531     1.0231     1.0398     0.0694     1.4706     1.4859     0.0361    9045.68
  1     52      0.2012     0.9281     0.9294     0.0855     1.2210     1.2378     0.0261   11574.33
  1     53      0.3029     0.9049     0.8892     0.1024     1.3699     1.3673     0.0295   13737.72
  1     54      0.2594     0.9395     0.9343     0.0879     1.4108     1.2430     0.1833   16821.99
  1     55      0.1503     0.9321     0.9198     0.0371     1.3795     1.3752     0.0349   11679.70
  1     56      0.1407     0.9422     0.9429     0.0520     1.0913     1.0957     0.0171   11325.10
  1     57      0.4256     1.0763     1.0557     0.1446     1.4885     1.2785     0.1980   10569.12
  1     58     -1.0000    -1.0000    -1.0000     0.0000     0.0000     0.0000     0.0000       0.00
  1     59      0.4124     1.0728     1.0752     0.0897     1.5961     1.5051     0.1438   18715.24
  1     60      0.4698     1.0651     1.0999     0.1097     1.4523     1.4446     0.0275   11112.74
  1     61      0.4810     1.0451     1.0618     0.0573     1.8846     1.8724     0.0469   10421.94
  1     62      0.5004     0.9177     0.9383     0.0810     1.2170     1.1977     0.0544   13591.67
  1     63      0.4092     1.0008     0.9683     0.0641     1.2335     1.2396     0.0184   10670.57
  1     64      0.2803     1.0227     0.9964     0.0917     1.1271     1.1300     0.0204   10343.72
  1     65      0.2060     0.9175     0.9251     0.0443     1.4344     1.3118     0.1107   14889.25
  1     66      0.2645     1.0208     1.0310     0.0389     1.3118     1.3216     0.0220   12046.20
  1     67      0.3505     1.0392     1.0568     0.0645     1.4434     1.4385     0.0448   20327.50
  1     68      0.2124     0.9870     1.0021     0.0516     1.1724     1.1426     0.0226   16001.24
  1     69      0.2212     0.9952     0.9791     0.0407     1.2001     1.1953     0.0164   16079.96
  1     70      0.3283     1.0063     1.0203     0.0865     1.2131     1.2139     0.0190   12145.65
  1     71      0.2177     1.0278     0.9979     0.0720     1.5248     1.4911     0.0351   19822.87
  1     72     -1.0000    -1.0000    -1.0000     0.0000     0.0000     0.0000     0.0000       0.00
  1     73      0.5214     1.0974     1.1276     0.1478     1.2519     1.2658     0.0277   25642.56
  1     74      0.2779     1.0105     1.0004     0.0723     1.7939     1.4336     0.3401   17628.26
  1     75      0.3896     1.0151     1.0380     0.0571     1.1914     1.2066     0.0233   12936.83
  1     76      0.2345     0.9293     0.9669     0.1092     1.3123     1.3224     0.0244   15920.38
  1     77      0.4523     1.1033     1.1024     0.0693     1.7951     1.8339     0.0374   20788.18
  1     78      0.2824     0.8713     0.8994     0.0833     1.2247     1.2248     0.0123    5770.67
  1     79      0.2756     1.0396     1.0551     0.0846     1.3002     1.3400     0.0407   13852.69
  1     80      0.3040     1.0075     0.9879     0.0576     1.2589     1.2582     0.0213   11212.78
  1     81     -1.0000    -1.0000    -1.0000     0.0000     0.0000     0.0000     0.0000       0.00
  1     82     -1.0000    -1.0000    -1.0000     0.0000     0.0000     0.0000     0.0000       0.00
  1     83     -1.0000    -1.0000    -1.0000     0.0000     0.0000     0.0000     0.0000       0.00
  1     84     -1.0000    -1.0000    -1.0000     0.0000     0.0000     0.0000     0.0000       0.00
