  1     85     -1.0000    -1.0000    -1.0000     0.0000     0.0000     0.0000     0.0000       0.00
  1     86     -1.0000    -1.0000    -1.0000     0.0000     0.0000     0.0000     0.0000       0.00
  1     87     -1.0000    -1.0000    -1.0000     0.0000     0.0000     0.0000     0.0000       0.00
  1     88     -1.0000    -1.0000    -1.0000     0.0000     0.0000     0.0000     0.0000       0.00
  1     89     -1.0000    -1.0000    -1.0000     0.0000     0.0000     0.0000     0.0000       0.00
  1     90      0.4700     0.9933     0.9920     0.0800     1.1044     1.0740     0.0359   11439.01
  1     91      0.2746     0.9054     0.8712     0.0716     1.0421     1.0295     0.0165   12990.76
  1     92      0.2661     0.9214     0.9203     0.0562     1.3579     1.3913     0.0273   11398.08
  1     93      2.0732     1.3440     1.4931     0.3592     2.9623     2.4230     0.5914    9506.81
  1     94      0.4717     0.8521     0.8537     0.0563     1.0758     1.0482     0.0218   13907.60
  1     95      0.6469     1.3193     1.4176     0.2378     2.2339     2.2285     0.1789   18037.73
  1     96      0.3330     0.9038     0.8857     0.0596     1.2367     1.2554     0.0365   10056.49
  1     97      0.7359     1.5381     1.5814     0.2714     2.2015     1.9867     0.3681   14059.71
  1     98      0.5646     1.1836     1.3600     0.2746     1.2598     1.2336     0.0365    7400.26
  1     99      0.3539     0.9360     0.9150     0.0949     1.4832     1.4137     0.1078   16548.37
  1    100      0.2360     0.8976     0.8941     0.0426     1.1431     1.1211     0.0358   12739.78
  1    101      0.2601     0.8937     0.9449     0.0994     1.1892     1.2021     0.0304   11028.06
  1    102     -1.0000    -1.0000    -1.0000     0.0000     0.0000     0.0000     0.0000       0.00
  1    103      0.4685     1.0016     0.9764     0.0638     1.6945     1.2723     0.4229   14157.03
  1    104      0.3240     0.9621     0.9592     0.0418     1.9683     1.9520     0.0544    8560.19
  1    105      0.2643     0.9451     0.9351     0.1021     1.0815     1.0979     0.0164   12415.68
  1    106      0.1608     0.9011     0.9333     0.0575     1.2066     1.2101     0.0184   12522.69
  1    107      0.3542     0.9845     0.9971     0.0373     1.1606     1.1666     0.0210   14279.38
  1    108      0.6573     1.3789     1.3806     0.0598     1.2301     1.0923     0.1394    7680.88
  1    109      0.3397     0.9659     0.9452     0.0652     1.0869     1.0812     0.0168   15046.77
  1    110      0.3738     1.0172     0.9938     0.1427     1.0857     1.0607     0.0308    8479.49
  1    111      0.6085     0.8813     0.8763     0.0660     1.3270     1.3023     0.0261    6656.00
  1    112      0.7796     1.3386     1.3116     0.1566     4.2127     4.1684     0.1143   11243.80
  1    113      0.7261     1.4706     1.4268     0.0941     4.1177     4.0382     0.1397   11933.27
  1    114      0.3184     0.8633     0.8354     0.0556     1.1089     1.0837     0.0244   16771.97
  1    115      0.2714     0.9250     0.9271     0.0426     1.2574     1.2740     0.0329   14975.96
  1    116      0.2107     0.8600     0.8579     0.0603     1.1144     1.1287     0.0258   10138.12
  1    117      0.1876     0.9432     0.9413     0.0453     1.2358     1.2250     0.0265   11178.85
  1    118      0.2207     0.9215     0.9192     0.0967     1.2452     1.1860     0.0370   11963.07
  1    119      0.3158     0.8837     0.8625     0.0626     1.2640     1.1281     0.1458   17726.43
  1    120      0.3799     0.9583     0.9556     0.0371     1.2311     1.2088     0.0275   11879.54
  1    121      0.3113     0.8780     0.8742     0.0648     1.3991     1.2555     0.1415    7657.99
  1    122      0.2433     0.8398     0.8663     0.0844     1.1098     1.1009     0.0251    7428.52
  1    123      0.4607     0.9698     0.9512     0.1494     1.4867     1.4666     0.0360   13258.37
  1    124      0.3612     0.9361     0.8910     0.1412     1.2523     1.1611     0.0768   12794.12
  1    125      0.4130     0.8320     0.8550     0.0699     1.8213     1.0970     0.5251   17051.96
  1    126      0.2970     0.9192     0.9090     0.0765     1.3682     1.2837     0.0562   12444.88
  1    127      0.3527     0.8963     0.8877     0.0759     1.1924     1.1542     0.0351   10125.30
  1    128      0.2314     0.9052     0.9013     0.1103     1.4557     1.4720     0.0432    9462.24
  1    129      0.3069     1.0835     1.0376     0.1777     1.9871     1.4366     0.3805   14580.07
  1    130      0.5300     0.8770     0.8365     0.1372     1.0899     1.0668     0.0228   14528.85
  1    131      0.4305     0.9586     0.9527     0.0577     1.8753     1.1253     0.4746   10773.64
  1    132      0.9215     1.1909     1.0674     0.3471     2.2702     1.6423     0.4666   16464.85
  1    133      0.3967     1.0105     0.9988     0.0829     1.1302     1.1346     0.0365   14761.39
  1    134      0.5838     1.0622     1.0335     0.2131     1.4484     1.2429     0.2346   10881.12
  1    135      0.5382     1.0031     0.9943     0.0515     1.2356     1.1077     0.1409    9428.38
  1    136      0.3258     1.0236     1.0239     0.0437     1.4821     1.4860     0.0313    9137.67
  1    137      0.2354     0.9222     0.8963     0.0734     1.2092     1.2147     0.0227   11379.85
  1    138      0.3304     0.8902     0.8805     0.0914     1.3702     1.3621     0.0294   13751.89
  1    139      0.3207     0.9242     0.9200     0.1144     1.5885     1.3257     0.2032   17260.44
  1    140      0.1067     0.9296     0.9388     0.0294     1.3698     1.3275     0.0370   11552.88
  1    141      0.1698     0.9180     0.9171     0.0643     1.0903     1.0891     0.0171   11195.13
  1    142      0.5513     1.0602     1.0365     0.1313     1.4967     1.2785     0.1946   10535.91
  1    143     -1.0000    -1.0000    -1.0000     0.0000     0.0000     0.0000     0.0000       0.00
  1    144      0.3126     1.0671     1.0588     0.0921     1.5083     1.5050     0.0766   18592.93
  1    145      0.2255     1.0306     1.0394     0.1087     1.4363     1.4446     0.0368   10896.56
  1    146      0.4569     0.9082     0.9239     0.0604     1.2293     1.2283     0.0546   13703.54
  1    147      0.5092     1.0216     1.0307     0.0329     1.8899     1.8951     0.0443   10296.16
  1    148      0.3475     0.9847     0.9732     0.0581     1.2240     1.2396     0.0237   10578.85
  1    149      0.2484     1.0161     0.9811     0.0827     1.1245     1.1297     0.0236   10259.68
  1    150      0.2680     0.9254     0.9229     0.0334     1.4425     1.3118     0.1084   14686.53
  1    151      0.3176     1.0057     1.0148     0.0297     1.3127     1.3213     0.0126   11965.34
  1    152      0.3598     1.0057     1.0054     0.0689     1.4305     1.4386     0.0411   21192.70
  1    153      0.2561     0.9759     0.9822     0.0470     1.1681     1.1426     0.0208   15947.52
  1    154      0.2793     0.9459     0.9537     0.0526     1.2105     1.2127     0.0191   15865.94
  1    155      0.2757     1.0211     1.0273     0.0626     1.2157     1.2139     0.0224   12149.42
  1    156      0.2368     1.0108     0.9826     0.0716     1.5312     1.4911     0.0376   19836.52
  1    157     -1.0000    -1.0000    -1.0000     0.0000     0.0000     0.0000     0.0000       0.00
  1    158      0.2651     1.0638     1.0694     0.1043     1.2509     1.2656     0.0306   26665.76
  1    159      0.2840     0.9934     0.9690     0.0688     1.6559     1.1538     0.3502   17113.14
  1    160      0.3651     0.9783     0.9655     0.0523     1.1961     1.2065     0.0228   12869.48
  1    161      0.2113     0.9397     0.9357     0.0670     1.3176     1.3223     0.0240   16060.68
  1    162      0.3854     1.2549     1.2306     0.0950     1.8127     1.8240     0.0267   14445.28
  1    163      0.2400     0.8586     0.8838     0.0585     1.2375     1.2273     0.0114    5898.78
  1    164      0.3175     1.0674     1.0437     0.0763     1.3012     1.3560     0.0426   14050.05
  1    165      0.3423     0.9766     0.9594     0.0643     1.2641     1.2644     0.0214   10840.96
  1    166     -1.0000    -1.0000    -1.0000     0.0000     0.0000     0.0000     0.0000       0.00
  1    167     -1.0000    -1.0000    -1.0000     0.0000     0.0000     0.0000     0.0000       0.00
  1    168     -1.0000    -1.0000    -1.0000     0.0000     0.0000     0.0000     0.0000       0.00
  1    169     -1.0000    -1.0000    -1.0000     0.0000     0.0000     0.0000     0.0000       0.00
