  1    170      0.4512     1.0169     0.9936     0.0834     1.1031     1.1081     0.0303   10869.51
  1    171      0.3008     0.9049     0.8758     0.0885     1.0433     1.0260     0.0211   12858.67
  1    172      0.4800     0.9328     0.9308     0.0687     1.3545     1.3667     0.0282   11045.06
  1    173      1.6415     1.0673     0.9792     0.2060     2.1987     1.5774     0.3731    8577.06
  1    174      0.4242     0.8679     0.8962     0.0583     1.0798     1.0561     0.0214   13839.19
  1    175      0.2844     0.9089     0.8897     0.0673     1.2365     1.2555     0.0347   10111.85
  1    176      0.8072     1.4049     1.4236     0.1360     2.2720     2.2907     0.1943   13313.75
  1    177      0.7620     1.5218     1.6025     0.3365     2.2123     1.9867     0.3671   12907.98
  1    178      0.5282     1.2141     1.3977     0.2635     1.2760     1.2782     0.0443    7051.45
  1    179      0.4673     0.9824     0.9856     0.0665     1.3863     1.4117     0.0405   15831.62
  1    180      0.3251     0.8795     0.8983     0.0874     1.1407     1.1074     0.0379   12376.23
  1    181      0.2342     0.9076     0.9575     0.0976     1.1819     1.2022     0.0280   11028.65
  1    182      0.3672     1.0106     0.9895     0.0719     1.6962     1.2858     0.4224   14144.14
  1    183      0.2429     0.9555     0.9986     0.1122     1.0805     1.0965     0.0149   12467.37
  1    184      0.3102     0.9492     0.9716     0.0648     1.9875     1.9521     0.0672    8520.29
  1    185      0.1746     0.9178     0.9034     0.0366     1.2640     1.2098     0.0614   12603.70
  1    186      0.4129     0.9869     1.0057     0.0358     1.1565     1.1577     0.0221   14616.91
  1    187      1.0637     1.0481     1.0369     0.2403     1.2138     1.1023     0.0830   15455.04
  1    188      0.3343     1.0031     0.9375     0.0930     1.0860     1.0811     0.0173   14949.94
  1    189      0.2240     1.0315     1.0106     0.1449     1.0863     1.0606     0.0318    8505.66
  1    190      0.1627     0.9240     0.9182     0.0608     1.3322     1.3126     0.0245    6810.89
  1    191      0.6497     1.4013     1.3426     0.1196     4.2439     4.1684     0.1197   11517.32
  1    192      0.3654     0.8902     0.8993     0.0543     1.1062     1.0837     0.0253   16397.42
  1    193      0.3217     0.9431     0.9699     0.0872     1.2559     1.2741     0.0363   14967.63
  1    194      0.1964     0.9283     0.9266     0.0982     1.2399     1.1863     0.0375   11960.46
  1    195      0.2310     0.8934     0.8834     0.0722     1.1201     1.1287     0.0272   10575.83
  1    196      0.4328     0.8644     0.8881     0.0492     1.2676     1.1280     0.1425   17778.20
  1    197      0.1868     0.9541     0.9325     0.0554     1.2371     1.2252     0.0261   11119.66
  1    198      0.1630     0.8646     0.8779     0.0742     1.0987     1.0860     0.0282    7392.04
  1    199      0.1851     0.8879     0.8649     0.0635     1.2595     1.2532     0.0273    7541.26
  1    200      0.3196     0.9637     0.9810     0.0493     1.2316     1.2118     0.0281   11827.76
  1    201      0.3739     1.0174     0.9967     0.1634     1.4730     1.4402     0.0388   13353.46
  1    202      0.3085     0.8784     0.8746     0.0566     1.2367     1.1425     0.0801   12499.52
  1    203      0.5178     0.8495     0.8664     0.0862     1.6124     1.0677     0.5217   16762.30
  1    204      0.4167     0.9477     0.9466     0.0710     1.4256     1.4352     0.0654   13584.86
  1    205      0.4054     0.9425     0.9378     0.0765     1.1917     1.1542     0.0342   10498.04
  1    206      0.3226     0.9511     0.9662     0.0773     1.4687     1.4720     0.0375    9428.94
  1    207      0.3568     1.0887     1.0515     0.1942     1.9861     1.4364     0.3807   14637.71
  1    208      0.3395     0.9433     0.9542     0.1282     1.0826     1.0852     0.0161   16481.95
  1    209      0.6311     1.1148     1.0240     0.2754     2.2774     1.7112     0.4664   17461.69
  1    210      0.3502     0.9679     0.9474     0.0660     2.5069     1.1254     1.0860   10818.72
  1    211      0.2216     1.0350     1.0440     0.0818     1.1125     1.0851     0.0378   14268.25
  1    212      0.3659     1.0323     0.9690     0.2707     1.4918     1.2585     0.2291   11779.45
  1    213      0.3062     1.0009     1.0050     0.1258     1.2316     1.0932     0.1417    9702.42
  1    214      0.2908     1.0011     0.9905     0.0654     1.4670     1.4860     0.0383    9556.43
  1    215      0.4765     0.9115     0.9444     0.1240     1.3691     1.3498     0.0315   13547.55
  1    216      0.1686     0.9250     0.9274     0.0960     1.2192     1.2145     0.0262   11506.93
  1    217      0.2899     0.9442     0.9323     0.1103     1.4321     1.2430     0.1887   17197.79
  1    218      0.1373     0.9501     0.9549     0.0538     1.3669     1.3457     0.0332   11573.80
  1    219      0.1630     0.9316     0.9294     0.0543     1.0901     1.0958     0.0178   11214.63
  1    220      0.2592     1.0765     1.0867     0.0516     1.3694     1.2786     0.0954   12101.33
  1    221     -1.0000    -1.0000    -1.0000     0.0000     0.0000     0.0000     0.0000       0.00
  1    222      0.3294     1.1041     1.1270     0.1080     1.5991     1.5458     0.1450   19136.62
  1    223      0.3576     0.9227     0.9363     0.0704     1.2247     1.1978     0.0547   14015.25
  1    224      0.2768     1.0923     1.0975     0.0672     1.4329     1.4446     0.0366   11037.11
  1    225      0.3267     1.0190     1.0445     0.0546     1.8854     1.8717     0.0427    9995.08
  1    226      0.2642     1.0150     0.9757     0.0962     1.1282     1.1297     0.0209   10142.95
  1    227      0.1995     0.9435     0.9450     0.0347     1.4281     1.3118     0.1109   14763.75
  1    228      0.2433     0.9986     0.9513     0.1057     1.2263     1.2353     0.0217   10479.14
  1    229      0.3022     1.0364     1.0343     0.0438     1.3241     1.3215     0.0187   12035.82
  1    230      0.5023     1.0279     1.0189     0.0686     1.4354     1.4144     0.0440   19361.09
  1    231      0.2254     0.9953     0.9999     0.0436     1.1694     1.1426     0.0241   15671.12
  1    232      0.2656     0.9713     0.9770     0.0332     1.2253     1.2237     0.0217   15817.80
  1    233      0.3294     1.0067     1.0410     0.1233     1.2082     1.2139     0.0173   12111.96
  1    234      0.3013     1.0245     0.9957     0.0739     1.5444     1.4955     0.0333   19820.08
  1    235     -1.0000    -1.0000    -1.0000     0.0000     0.0000     0.0000     0.0000       0.00
  1    236      0.3296     1.0922     1.1252     0.1055     1.2448     1.2658     0.0317   25984.95
  1    237      0.2456     1.0020     0.9767     0.0753     1.8347     1.4336     0.3402   17597.18
  1    238      0.3501     1.0176     1.0358     0.0515     1.1942     1.2064     0.0230   12876.56
  1    239      0.2338     0.9528     0.9648     0.0749     1.3110     1.3224     0.0266   15925.67
  1    240      0.4256     1.2869     1.2707     0.1145     1.8130     1.8238     0.0274   14296.38
  1    241      0.5351     0.9076     0.9063     0.0490     1.2377     1.2566     0.0139    6008.34
  1    242      0.3212     1.0332     1.0463     0.0801     1.3019     1.3404     0.0418   13995.58
  1    243      0.2448     0.9916     0.9722     0.0736     1.2528     1.2368     0.0231   10892.58
  1    244     -1.0000    -1.0000    -1.0000     0.0000     0.0000     0.0000     0.0000       0.00
  1    245     -1.0000    -1.0000    -1.0000     0.0000     0.0000     0.0000     0.0000       0.00
  1    246     -1.0000    -1.0000    -1.0000     0.0000     0.0000     0.0000     0.0000       0.00
  1    247     -1.0000    -1.0000    -1.0000     0.0000     0.0000     0.0000     0.0000       0.00
