       1      90       1  1
       1      91       1  1
       1      92       1  1
       1      93       1  1
       1      94       1  2
       1      95       1  2
       1      96       1  2
       1      97       1  1
       1      98       1  1
       1      99       1  1
       1     100       1  1
       1     101       1  2
       1     103       1  2
       1     104       1  1
       1     105       1  2
       1     106       1  2
       1     107       1  2
       1     108       1  2
       1     109       1  2
       1     110       1  2
       1     111       1  2
       1     112       1  2
       1     113       1  2
       1     114       1  1
       1     115       1  2
       1     116       1  1
       1     117       1  1
       1     118       1  2
       1     119       1  2
       1     120       1  1
       1     121       1  2
       1     122       1  2
       1     123       1  1
       1     124       1  1
       1     125       1  2
       1     126       1  1
       1     127       1  1
       1     128       1  1
       1     129       1  2
       1     130       1  2
       1     131       1  2
       1     132       1  2
       1     133       1  2
       1     134       1  1
       1     135       1  1
       1     136       1  1
       1     137       1  2
       1     138       1  2
       1     139       1  2
       1     140       1  2
       1     141       1  2
       1     142       1  1
       1     144       1  2
       1     145       1  2
       1     146       1  2
       1     147       1  1
       1     148       1  1
       1     149       1  2
       1     150       1  2
       1     151       1  2
       1     152       1  2
       1     153       1  2
       1     154       1  2
       1     155       1  1
       1     156       1  2
       1     158       1  2
       1     159       1  2
       1     160       1  2
       1     161       1  2
       1     162       1  2
       1     163       1  2
       1     164       1  2
       1     165       1  2
