       1     170       1  1
       1     171       1  1
       1     172       1  1
       1     173       1  2
       1     174       1  2
       1     175       1  2
       1     176       1  2
       1     177       1  1
       1     178       1  1
       1     179       1  1
       1     180       1  1
       1     181       1  2
       1     182       1  2
       1     183       1  2
       1     184       1  1
       1     185       1  2
       1     186       1  2
       1     187       1  2
       1     188       1  2
       1     189       1  2
       1     190       1  2
       1     191       1  2
       1     192       1  1
       1     193       1  2
       1     194       1  2
       1     195       1  1
       1     196       1  2
       1     197       1  1
       1     198       1  2
       1     199       1  2
       1     200       1  1
       1     201       1  1
       1     202       1  1
       1     203       1  2
       1     204       1  1
       1     205       1  1
       1     206       1  1
       1     207       1  2
       1     208       1  2
       1     209       1  2
       1     210       1  2
       1     211       1  2
       1     212       1  1
       1     213       1  1
       1     214       1  1
       1     215       1  2
       1     216       1  2
       1     217       1  2
       1     218       1  2
       1     219       1  2
       1     220       1  1
       1     222       1  2
       1     223       1  2
       1     224       1  2
       1     225       1  1
       1     226       1  2
       1     227       1  2
       1     228       1  1
       1     229       1  2
       1     230       1  2
       1     231       1  2
       1     232       1  2
       1     233       1  1
       1     234       1  2
       1     236       1  2
       1     237       1  2
       1     238       1  2
       1     239       1  2
       1     240       1  2
       1     241       1  2
       1     242       1  2
       1     243       1  2
